#rname	startpos	endpos	numreads	covbases	coverage	meandepth	meanbaseq	meanmapq
1	1	249250621	87843185	224513948	90.0756	50.8436	30.8	57.2
2	1	243199373	89642277	237297094	97.5731	53.0013	30.8	57.5
3	1	198022430	74430340	194364800	98.1529	54.3099	30.8	58.8
4	1	191154276	71864138	187072241	97.8645	54.2886	30.8	58.4
5	1	180915260	66892174	177098579	97.8903	53.4076	30.8	58
6	1	171115067	66261800	167071700	97.637	55.8749	30.8	58.5
7	1	159138663	58562246	154691145	97.2053	53.0071	30.8	57.6
8	1	146364022	56393387	142346647	97.2552	55.5671	30.8	57.8
9	1	141213431	44653704	119514851	84.6342	45.4505	30.8	54.3
10	1	135534747	47291912	130740574	96.4628	50.2423	30.8	57.9
11	1	135006516	48470179	130340460	96.5438	51.7753	30.8	58.5
12	1	133851895	47746072	130057946	97.1656	51.446	30.8	58.7
13	1	115169878	36027897	95326489	82.7703	45.0956	30.8	58.8
14	1	107349540	33242431	87951129	81.9297	44.6432	30.8	58.2
15	1	102531392	29163137	81333062	79.325	41.0309	30.8	56.8
16	1	90354753	31583483	78246294	86.599	49.7326	30.7	51.3
17	1	81195210	23346829	77112850	94.9722	41.3844	30.7	57.6
18	1	78077248	27782351	74397031	95.2864	51.3602	30.8	58.7
19	1	59128983	15941484	55211031	93.3739	38.4747	30.6	57.5
20	1	63025520	22288504	59185407	93.9071	50.992	30.7	58.9
21	1	48129895	13323426	34911641	72.5363	39.5786	30.8	56.4
22	1	51304566	11121017	34554784	67.3523	30.8625	30.6	56
X	1	155270560	32022175	147701041	95.1249	29.6851	30.8	56.3
Y	1	59373566	5968261	22300282	37.5593	14.1043	30.7	29.5
MT	1	16569	4892016	16569	100	40871	30.5	52.9
GL000207.1	1	4262	17598	4247	99.6481	540.391	30.5	55.1
GL000226.1	1	15008	286086	15008	100	2701.61	30.9	3.86
GL000229.1	1	19913	12260	19850	99.6836	86.9393	30.3	51.3
GL000231.1	1	27386	20225	27376	99.9635	106.714	30.6	48.8
GL000210.1	1	27682	3384	26354	95.2027	16.1477	30.4	18.4
GL000239.1	1	33824	39836	33824	100	165.662	30.6	5.6
GL000235.1	1	34474	31128	34451	99.9333	131.046	30.9	43.7
GL000201.1	1	36148	1610	30224	83.6118	6.42066	30.4	2.31
GL000247.1	1	36422	14864	36377	99.8764	58.6744	30.8	9.74
GL000245.1	1	36651	28436	36392	99.2933	112.423	30.9	2.5
GL000197.1	1	37175	13621	36439	98.0202	43.2351	29.8	8.47
GL000203.1	1	37498	7566	37101	98.9413	29.0996	30.9	19.7
GL000246.1	1	38154	9826	37974	99.5282	37.4649	30.8	18.9
GL000249.1	1	38502	7553	38389	99.7065	28.5498	30.7	0.965
GL000196.1	1	38914	9574	38787	99.6736	35.5244	30.8	5.15
GL000248.1	1	39786	8964	39519	99.3289	32.3585	30.6	10.2
GL000244.1	1	39929	7260	39330	98.4998	26.0673	30.8	1.73
GL000238.1	1	39939	7590	39482	98.8558	27.6549	30.8	13.3
GL000202.1	1	40103	4227	38383	95.711	15.1771	30.5	28.2
GL000234.1	1	40531	33631	40520	99.9729	120.248	30.8	49.2
GL000232.1	1	40652	37588	40652	100	134.547	30.8	45.3
GL000206.1	1	41001	3069	37334	91.0563	10.734	30.4	14.1
GL000240.1	1	41933	26806	41930	99.9928	92.4782	30.8	30
GL000236.1	1	41934	8930	41870	99.8474	30.6079	30.8	6.36
GL000241.1	1	42152	46328	42152	100	158.842	30.8	46.6
GL000243.1	1	43341	31196	43316	99.9423	101.738	30.6	11.3
GL000242.1	1	43523	8269	43325	99.5451	27.4278	30.6	10.4
GL000230.1	1	43691	16205	43677	99.968	53.1007	30.8	33.3
GL000237.1	1	45867	63320	45867	100	195.504	30.5	25.9
GL000233.1	1	45941	12503	45933	99.9826	38.8611	30.8	28.2
GL000204.1	1	81310	15026	78864	96.9918	26.4208	30.4	49.3
GL000198.1	1	90085	32698	89889	99.7824	51.9037	30.9	31.2
GL000208.1	1	92689	61225	92686	99.9968	93.1928	30.9	35.3
GL000191.1	1	106433	21504	105968	99.5631	29.2972	30.6	16.6
GL000227.1	1	128374	28043	122453	95.3877	31.4117	30.7	6.27
GL000228.1	1	129120	43634	105966	82.0678	46.821	30.7	8.31
GL000214.1	1	137718	449893	137548	99.8766	469.058	30.6	26.9
GL000221.1	1	155397	111933	154762	99.5914	104.155	30.9	9.43
GL000209.1	1	159169	18210	115112	72.3206	16.3834	30.7	10.5
GL000218.1	1	161147	86973	160872	99.8293	78.1441	30.8	31.6
GL000220.1	1	161802	1697992	160528	99.2126	1458.09	30.1	52.6
GL000213.1	1	164239	22620	158892	96.7444	19.7503	30.8	12.8
GL000211.1	1	166566	59166	165979	99.6476	51.2443	30.9	43.6
GL000199.1	1	169874	89158	167459	98.5784	73.9079	30.8	8.97
GL000217.1	1	172149	75937	169991	98.7464	63.5452	30.9	10.5
GL000216.1	1	172294	67329	171136	99.3279	52.6663	30.6	28
GL000215.1	1	172545	25933	167580	97.1225	21.7121	30.8	6.93
GL000205.1	1	174588	195572	174446	99.9187	160.01	30.8	43.3
GL000219.1	1	179198	182638	177856	99.2511	140.99	30.8	48.7
GL000224.1	1	179693	487592	179692	99.9994	388.428	30.5	25.7
GL000223.1	1	180455	30424	178079	98.6833	23.6558	30.6	0.894
GL000195.1	1	182896	229398	182602	99.8393	181.515	30.8	45.4
GL000212.1	1	186858	88199	183759	98.3415	68.0353	30.8	39.3
GL000222.1	1	186861	47098	184193	98.5722	36.3709	30.8	16.9
GL000200.1	1	187035	32540	183990	98.372	25.0684	30.8	0.0176
GL000193.1	1	189789	145477	188331	99.2318	110.998	30.8	45.7
GL000194.1	1	191469	148051	191362	99.9441	112.306	30.8	29.5
GL000225.1	1	211173	111262	207472	98.2474	70.1538	30.6	25.6
GL000192.1	1	547496	212667	545642	99.6614	55.9761	30.8	24.3
NC_007605	1	171823	115	196	0.114071	0.0279532	19.4	9.38
hs37d5	1	35477943	21491831	32365666	91.2276	79.3624	30.5	32.8
