#rname	startpos	endpos	numreads	covbases	coverage	meandepth	meanbaseq	meanmapq
1	1	249250621	51812865	222183943	89.1408	29.6674	29	56.7
2	1	243199373	54788033	235169037	96.698	31.9359	29	56.7
3	1	198022430	42682352	192220977	97.0703	30.9246	29	58.5
4	1	191154276	41135486	185217950	96.8945	30.7737	29	57.9
5	1	180915260	38097894	174906648	96.6788	30.1356	29	57.5
6	1	171115067	37351297	165191540	96.5383	30.9816	29	57.9
7	1	159138663	33452660	152861578	96.0556	29.8729	29	56.9
8	1	146364022	31095269	140499502	95.9932	30.2386	29	57.1
9	1	141213431	28166212	118382867	83.8326	28.1308	29	53.9
10	1	135534747	28241399	129106466	95.2571	29.4517	29	57.3
11	1	135006516	30622137	129181333	95.6853	32.2589	29	58.1
12	1	133851895	27949506	128496476	95.999	29.8182	29	58.3
13	1	115169878	21295368	94436082	81.9972	26.2078	29	58.4
14	1	107349540	20622196	86954460	81.0012	27.1681	29	57.6
15	1	102531392	17932780	80462830	78.4763	24.9626	29	56
16	1	90354753	21478765	77399492	85.6618	33.0705	28.9	49.8
17	1	81195210	16179599	76180681	93.8241	28.1189	28.9	57.4
18	1	78077248	16510973	73666410	94.3507	30.1479	29	58.2
19	1	59128983	11226533	54012608	91.3471	26.0515	28.8	56.6
20	1	63025520	14438182	58665169	93.0816	32.5691	29	58.4
21	1	48129895	8451818	34535360	71.7545	24.611	28.9	55.7
22	1	51304566	8117150	33970830	66.214	21.6353	28.8	55
X	1	155270560	37671807	149304101	96.1574	34.6453	29	56.2
Y	1	59373566	213071	2570064	4.32863	0.434843	28.8	14.2
MT	1	16569	1762101	16569	100	14789.2	28.7	54.4
GL000207.1	1	4262	6401	3751	88.0103	186.55	28.8	51.7
GL000226.1	1	15008	395495	15008	100	3709.06	29.1	2.38
GL000229.1	1	19913	9675	19846	99.6635	66.9826	28.6	51.9
GL000231.1	1	27386	8986	27239	99.4632	46.9543	28.8	48.1
GL000210.1	1	27682	2315	24611	88.9061	11.2821	28.6	16.1
GL000239.1	1	33824	36779	33824	100	149.423	28.9	6.93
GL000235.1	1	34474	21347	34455	99.9449	89.5222	29.1	43
GL000201.1	1	36148	1241	25966	71.8325	4.93845	28.7	2.46
GL000247.1	1	36422	8168	36335	99.7611	31.887	28.9	8.52
GL000245.1	1	36651	23708	36377	99.2524	93.7568	29.1	2.39
GL000197.1	1	37175	6053	31461	84.6295	18.1268	28.3	6.94
GL000203.1	1	37498	5929	37281	99.4213	22.825	29.1	21.5
GL000246.1	1	38154	7041	37993	99.578	26.6198	29	20.1
GL000249.1	1	38502	2556	37141	96.4651	9.53517	28.9	0.633
GL000196.1	1	38914	6375	38480	98.8847	23.5774	29	2.43
GL000248.1	1	39786	3418	37338	93.8471	12.2716	28.9	8.6
GL000244.1	1	39929	5340	38298	95.9152	19.1135	29.1	2.01
GL000238.1	1	39939	3282	37113	92.9242	11.8632	29	10.2
GL000202.1	1	40103	3818	35278	87.9685	13.4803	28.7	32
GL000234.1	1	40531	21577	40519	99.9704	77.0435	29	50.2
GL000232.1	1	40652	19418	40634	99.9557	69.1574	29.1	45.1
GL000206.1	1	41001	2610	36280	88.4856	9.06895	28.8	8.4
GL000240.1	1	41933	11745	41829	99.752	40.135	29	27
GL000236.1	1	41934	5296	40900	97.5342	18.1393	29	4.77
GL000241.1	1	42152	26171	42152	100	89.2185	29	47.1
GL000243.1	1	43341	17649	42584	98.2534	56.4058	28.9	9.2
GL000242.1	1	43523	3709	42401	97.4221	12.3049	28.9	7.85
GL000230.1	1	43691	23136	41248	94.4085	74.3089	29.1	32.3
GL000237.1	1	45867	38212	45867	100	115.498	28.8	18
GL000233.1	1	45941	4555	40268	87.6516	13.793	29	8.59
GL000204.1	1	81310	14669	77856	95.7521	25.3484	28.7	50.6
GL000198.1	1	90085	27795	89921	99.8179	43.4164	29.1	15.8
GL000208.1	1	92689	57880	92320	99.6019	87.5907	29.1	31.3
GL000191.1	1	106433	9993	96888	91.0319	13.5091	28.9	16.6
GL000227.1	1	128374	15061	118934	92.6465	16.7061	29	6.52
GL000228.1	1	129120	46858	104607	81.0153	49.6952	28.9	9.79
GL000214.1	1	137718	246728	137462	99.8141	255.29	28.9	29
GL000221.1	1	155397	61921	153692	98.9028	57.1929	29.1	7.95
GL000209.1	1	159169	21888	152965	96.1023	19.6525	28.9	29.6
GL000218.1	1	161147	121343	160871	99.8287	109.246	29	34.4
GL000220.1	1	161802	1866483	160535	99.2169	1578.57	28.4	51.5
GL000213.1	1	164239	18925	156798	95.4694	16.5091	29	13.7
GL000211.1	1	166566	38518	164712	98.8869	33.2097	29	41.5
GL000199.1	1	169874	157791	168139	98.9787	130.203	29.1	8.47
GL000217.1	1	172149	23549	154335	89.652	19.5083	29.1	9.04
GL000216.1	1	172294	58950	169112	98.1532	44.9754	28.8	25
GL000215.1	1	172545	12850	155833	90.3144	10.6091	29	3.22
GL000205.1	1	174588	133985	174348	99.8625	108.603	29	45.1
GL000219.1	1	179198	129709	157728	88.0188	96.3022	29	45.3
GL000224.1	1	179693	426754	179693	100	336.986	28.7	22.1
GL000223.1	1	180455	24717	176284	97.6886	19.0435	28.9	0.757
GL000195.1	1	182896	140686	182774	99.9333	110.859	29.1	47
GL000212.1	1	186858	57705	182583	97.7122	44.1727	29	37.4
GL000222.1	1	186861	21052	173608	92.9076	16.097	29	11.6
GL000200.1	1	187035	18552	178459	95.4148	14.1991	29	0.000216
GL000193.1	1	189789	74547	187582	98.8371	56.4906	29	41.7
GL000194.1	1	191469	44639	181704	94.9	33.3682	29	22.2
GL000225.1	1	211173	119998	199239	94.3487	73.3534	28.9	23.2
GL000192.1	1	547496	122170	540975	98.8089	32.0007	29	22.3
NC_007605	1	171823	129	219	0.127457	0.0334589	20	10.2
hs37d5	1	35477943	31187002	32053303	90.3471	107.504	28.7	33.2
