#rname	startpos	endpos	numreads	covbases	coverage	meandepth	meanbaseq	meanmapq
1	1	249250621	46824954	220983907	88.6593	27.1574	27.5	56.8
2	1	243199373	56070734	235283558	96.7451	33.1313	27.5	56.7
3	1	198022430	44581642	192708715	97.3166	32.8385	27.5	58.5
4	1	191154276	43816160	185757361	97.1767	33.5679	27.6	58.2
5	1	180915260	39895322	176004338	97.2855	32.2275	27.6	57.7
6	1	171115067	39436810	166035777	97.0317	33.0824	27.5	57.3
7	1	159138663	33809461	152444330	95.7934	30.6247	27.5	57
8	1	146364022	31507658	141010981	96.3427	31.4589	27.5	57.4
9	1	141213431	25400038	117439933	83.1648	25.8527	27.5	54.1
10	1	135534747	29926682	129346138	95.4339	31.0884	27.4	57.4
11	1	135006516	26760600	128308653	95.0389	28.8238	27.5	57.8
12	1	133851895	28701798	128468758	95.9783	31.0526	27.5	58.1
13	1	115169878	23118093	94866008	82.3705	28.8702	27.5	58.4
14	1	107349540	19146911	86717873	80.7809	25.7972	27.5	57.8
15	1	102531392	16134401	80327378	78.3442	22.7206	27.5	54.8
16	1	90354753	16278406	75805149	83.8972	25.3828	27.3	48.4
17	1	81195210	11867401	74469519	91.7166	21.1495	27.4	56.5
18	1	78077248	18440455	74047582	94.8389	34.2769	27.5	58.3
19	1	59128983	7521809	51749533	87.5197	17.5238	27.2	55.1
20	1	63025520	11008587	57810130	91.725	25.3493	27.5	58.2
21	1	48129895	7691806	34295416	71.256	22.6002	27.5	54.3
22	1	51304566	5593936	32686465	63.7106	15.1238	27.2	53.9
X	1	155270560	38682386	149563122	96.3242	36.4799	27.6	57
Y	1	59373566	213724	2248450	3.78695	0.419451	27.2	17
MT	1	16569	49106	16569	100	427.877	27.1	54.4
GL000207.1	1	4262	1478	4244	99.5777	48.3214	27.3	56.4
GL000226.1	1	15008	561864	15008	100	5460.75	27.6	5.45
GL000229.1	1	19913	10738	19808	99.4727	72.5128	27.1	49.4
GL000231.1	1	27386	7836	27307	99.7115	42.0329	27.4	51.2
GL000210.1	1	27682	900	17580	63.507	4.47735	27.1	13.1
GL000239.1	1	33824	29038	33768	99.8344	120.814	27.4	8.25
GL000235.1	1	34474	18371	34415	99.8289	78.7459	27.7	44.2
GL000201.1	1	36148	1041	27181	75.1936	4.17406	27.1	2.83
GL000247.1	1	36422	10805	35628	97.82	43.4354	27.5	5.54
GL000245.1	1	36651	19079	36336	99.1405	77.0585	27.6	3.18
GL000197.1	1	37175	1700	25605	68.8769	5.81625	26.7	6.73
GL000203.1	1	37498	13904	37475	99.9387	54.3552	27.7	21.7
GL000246.1	1	38154	3880	38042	99.7065	15.0023	27.5	18.4
GL000249.1	1	38502	1545	35503	92.2108	5.91372	27.5	1.75
GL000196.1	1	38914	5494	38868	99.8818	20.8312	27.5	2.22
GL000248.1	1	39786	9905	39771	99.9623	36.0899	27.3	12.6
GL000244.1	1	39929	7081	38981	97.6258	25.975	27.6	2.77
GL000238.1	1	39939	3402	38011	95.1726	12.564	27.6	11.4
GL000202.1	1	40103	1149	32456	80.9316	4.15922	27.2	24.7
GL000234.1	1	40531	15471	40500	99.9235	56.3611	27.5	51.9
GL000232.1	1	40652	10985	40610	99.8967	39.8986	27.6	45.9
GL000206.1	1	41001	1447	28713	70.03	5.14309	27.4	1.8
GL000240.1	1	41933	8761	40801	97.3005	30.4581	27.5	22
GL000236.1	1	41934	9111	41800	99.6805	31.9547	27.5	5.15
GL000241.1	1	42152	34547	42152	100	120.295	27.6	48.9
GL000243.1	1	43341	21959	43324	99.9608	73.8188	27.4	14.6
GL000242.1	1	43523	3769	41969	96.4295	12.6708	27.2	10.2
GL000230.1	1	43691	3916	42039	96.2189	13.1413	27.6	35.3
GL000237.1	1	45867	25597	45801	99.8561	79.3776	27.3	17.2
GL000233.1	1	45941	4740	44903	97.7406	15.0406	27.5	33.9
GL000204.1	1	81310	2226	66499	81.7845	3.872	27.1	45.2
GL000198.1	1	90085	12536	89576	99.435	20.3001	27.6	23.5
GL000208.1	1	92689	109224	92640	99.9471	171.499	27.6	36.7
GL000191.1	1	106433	8393	98962	92.9806	11.6055	27.4	12.8
GL000227.1	1	128374	17595	124922	97.311	20.0423	27.5	3.51
GL000228.1	1	129120	19302	86669	67.1228	21.3042	27.4	9.33
GL000214.1	1	137718	250729	137246	99.6573	266.702	27.3	32
GL000221.1	1	155397	57575	153657	98.8803	54.4107	27.6	8.95
GL000209.1	1	159169	9147	90181	56.6574	8.36182	27.4	7.29
GL000218.1	1	161147	34632	156477	97.102	31.6227	27.6	31.1
GL000220.1	1	161802	2828620	157198	97.1545	2225.11	26.8	49.1
GL000213.1	1	164239	6672	142924	87.022	5.8699	27.5	11.4
GL000211.1	1	166566	39457	163218	97.99	34.8256	27.6	47.4
GL000199.1	1	169874	245377	167605	98.6643	209.756	27.6	6.02
GL000217.1	1	172149	72504	169179	98.2748	61.8544	27.6	14.5
GL000216.1	1	172294	40253	169312	98.2692	30.7998	27.2	29.8
GL000215.1	1	172545	16322	156603	90.7607	13.8941	27.6	6.73
GL000205.1	1	174588	105962	173910	99.6117	88.5726	27.5	39.6
GL000219.1	1	179198	90676	154912	86.4474	70.6998	27.5	47.3
GL000224.1	1	179693	262048	179693	100	212.336	27.2	30.2
GL000223.1	1	180455	26868	173915	96.3758	21.7272	27.5	0.617
GL000195.1	1	182896	152720	182648	99.8644	122.844	27.6	44.3
GL000212.1	1	186858	35651	176501	94.4573	27.94	27.5	39.6
GL000222.1	1	186861	21277	181072	96.902	16.7476	27.5	11.4
GL000200.1	1	187035	12355	179944	96.2087	9.65499	27.5	0.00664
GL000193.1	1	189789	76568	185733	97.8629	59.2964	27.5	44.3
GL000194.1	1	191469	61685	184529	96.3754	47.5069	27.6	27.6
GL000225.1	1	211173	89000	206044	97.5712	59.1199	27.3	37.2
GL000192.1	1	547496	81113	542365	99.0628	21.6952	27.5	23.2
NC_007605	1	171823	112	190	0.110579	0.029833	19.2	11.3
hs37d5	1	35477943	52747893	31840072	89.7461	177.848	26.7	38.4
