#rname	startpos	endpos	numreads	covbases	coverage	meandepth	meanbaseq	meanmapq
1	1	249250621	71799635	224196635	89.9483	41.5941	31	57.1
2	1	243199373	78979643	237324748	97.5844	46.7717	31	57.5
3	1	198022430	63968723	194201304	98.0704	46.7304	31	58.8
4	1	191154276	59475696	186624349	97.6302	44.9659	31.1	58.3
5	1	180915260	59269650	177090613	97.8859	47.3628	31	57.9
6	1	171115067	55892033	166996271	97.593	47.1884	31	58.5
7	1	159138663	49147827	154575624	97.1327	44.5381	31	57.6
8	1	146364022	49896416	142049346	97.0521	49.2276	31	57.7
9	1	141213431	39168648	119424279	84.5701	39.9542	31	54.8
10	1	135534747	42298160	130807400	96.5121	45.0021	31	57.9
11	1	135006516	44169922	130348052	96.5495	47.2455	31	58.5
12	1	133851895	43153594	130003700	97.125	46.5603	31	58.7
13	1	115169878	30832895	95262839	82.7151	38.6429	31.1	58.8
14	1	107349540	28249627	87805585	81.7941	37.9765	31	58.2
15	1	102531392	25816003	81274107	79.2675	36.3676	31	56.6
16	1	90354753	26446109	78082874	86.4181	41.7626	30.9	52
17	1	81195210	21940980	77157292	95.0269	38.9524	30.9	57.6
18	1	78077248	25015247	74432107	95.3314	46.3093	31	58.7
19	1	59128983	13950427	55080342	93.1529	33.7734	30.8	57.5
20	1	63025520	18655765	59124593	93.8106	42.72	31	58.9
21	1	48129895	11752821	34902674	72.5177	35.0368	31	56.6
22	1	51304566	9764965	34439470	67.1275	27.1892	30.8	56.3
X	1	155270560	28276449	146922195	94.6233	26.2241	31	56.3
Y	1	59373566	10549725	22910127	38.5864	25.1068	31	30
MT	1	16569	5769158	16569	100	48379.8	30.7	53.1
GL000207.1	1	4262	10319	4242	99.5307	320.386	30.8	56
GL000226.1	1	15008	227607	15008	100	2149.8	31.1	2.93
GL000229.1	1	19913	10668	19897	99.9197	75.6714	30.5	49.4
GL000231.1	1	27386	17019	27360	99.9051	89.6814	30.8	47.7
GL000210.1	1	27682	2434	25281	91.3265	12.0778	30.6	13.3
GL000239.1	1	33824	29223	33823	99.997	121.588	30.8	4.94
GL000235.1	1	34474	24739	34454	99.942	104.23	31.1	41.7
GL000201.1	1	36148	1450	30218	83.5952	5.77329	30.6	2.05
GL000247.1	1	36422	10264	36259	99.5525	40.5037	31	10.1
GL000245.1	1	36651	25225	36391	99.2906	99.8685	31.1	2.9
GL000197.1	1	37175	10893	34800	93.6113	34.3381	30.1	7.61
GL000203.1	1	37498	5976	37200	99.2053	23.0959	31.1	21.8
GL000246.1	1	38154	6030	37758	98.9621	22.822	31	9.67
GL000249.1	1	38502	6246	38359	99.6286	23.6683	30.9	2.08
GL000196.1	1	38914	6706	38874	99.8972	24.9278	31	5.16
GL000248.1	1	39786	8055	39429	99.1027	29.0123	30.8	10
GL000244.1	1	39929	7162	39182	98.1292	25.9267	31.1	2.32
GL000238.1	1	39939	7151	39278	98.345	25.9125	31	13.9
GL000202.1	1	40103	3787	38698	96.4965	13.546	30.7	26.6
GL000234.1	1	40531	29301	40519	99.9704	104.941	31	50.2
GL000232.1	1	40652	28814	40643	99.9779	103.246	31.1	44.6
GL000206.1	1	41001	2560	36253	88.4198	8.94851	30.8	4.55
GL000240.1	1	41933	16823	41933	100	57.7045	31	26.5
GL000236.1	1	41934	9149	41769	99.6065	31.5326	31.1	9.39
GL000241.1	1	42152	32103	42152	100	109.959	31.1	45.7
GL000243.1	1	43341	24642	43174	99.6147	79.6903	30.8	11
GL000242.1	1	43523	5141	41344	94.9935	17.0898	30.9	7.31
GL000230.1	1	43691	7846	43595	99.7803	25.6216	31	33.6
GL000237.1	1	45867	47430	45867	100	146.837	30.7	25.5
GL000233.1	1	45941	7554	45371	98.7593	23.6431	31	29.4
GL000204.1	1	81310	14748	79930	98.3028	25.9335	30.6	47.9
GL000198.1	1	90085	23055	81688	90.6788	36.8259	31.1	43.3
GL000208.1	1	92689	55258	92378	99.6645	84.1482	31.1	32.6
GL000191.1	1	106433	19544	105368	98.9994	26.6615	30.8	18.6
GL000227.1	1	128374	21864	122232	95.2155	24.3882	31	3.71
GL000228.1	1	129120	29725	108577	84.09	32.1659	30.9	10.4
GL000214.1	1	137718	500621	137587	99.9049	521.838	30.8	22.8
GL000221.1	1	155397	93571	154529	99.4414	87.231	31.1	9.63
GL000209.1	1	159169	19977	117584	73.8737	18.1097	30.9	23.8
GL000218.1	1	161147	58240	159126	98.7459	52.1557	31	29.1
GL000220.1	1	161802	1988948	160487	99.1873	1709.72	30.3	52.7
GL000213.1	1	164239	28028	160844	97.9329	24.6972	31	17
GL000211.1	1	166566	38961	164482	98.7488	33.6973	31.1	42
GL000199.1	1	169874	88658	168171	98.9975	73.6384	31	8.38
GL000217.1	1	172149	104486	170895	99.2716	87.9434	31.1	16
GL000216.1	1	172294	62167	171405	99.484	48.8408	30.8	32.2
GL000215.1	1	172545	22431	163558	94.7915	18.7416	31	4.1
GL000205.1	1	174588	161730	174418	99.9026	132.601	31	43.9
GL000219.1	1	179198	68378	155456	86.751	52.7836	31	45.8
GL000224.1	1	179693	515951	176711	98.3405	411.408	30.6	17
GL000223.1	1	180455	26864	178087	98.6878	21.1581	30.9	1.11
GL000195.1	1	182896	192233	182695	99.8901	152.157	31.1	45.7
GL000212.1	1	186858	78579	182845	97.8524	60.646	31	39.1
GL000222.1	1	186861	29762	179928	96.2898	22.9539	31	10
GL000200.1	1	187035	25945	180348	96.4247	20.0312	31.1	0.00362
GL000193.1	1	189789	132625	186919	98.4878	101.273	31	45.4
GL000194.1	1	191469	113643	190760	99.6297	86.1618	31	29
GL000225.1	1	211173	103418	208470	98.72	66.7167	30.8	32.6
GL000192.1	1	547496	188219	544573	99.4661	49.6572	31	24.7
NC_007605	1	171823	69	174	0.101267	0.0169069	19.6	13.6
hs37d5	1	35477943	16699935	31891799	89.8919	61.9994	30.7	32.5
