#rname	startpos	endpos	numreads	covbases	coverage	meandepth	meanbaseq	meanmapq
1	1	249250621	49711108	224050868	89.8898	28.5735	29.6	57
2	1	243199373	53726022	237318333	97.5818	31.5105	29.6	57.1
3	1	198022430	43728824	194281380	98.1108	31.7607	29.6	58.7
4	1	191154276	26183873	182740468	95.5984	19.6247	29.6	57.6
5	1	180915260	40663224	177121322	97.9029	32.2693	29.6	57.8
6	1	171115067	36432141	166758099	97.4538	30.5037	29.6	58.3
7	1	159138663	34210413	154573559	97.1314	30.7211	29.6	57.4
8	1	146364022	33318315	142253016	97.1912	32.6008	29.6	57.2
9	1	141213431	27004735	119393731	84.5484	27.2283	29.6	54.4
10	1	135534747	29059760	130758189	96.4758	30.6179	29.6	57.7
11	1	135006516	28249126	130172232	96.4192	29.9503	29.6	58.3
12	1	133851895	29156949	129947783	97.0833	31.23	29.6	58.6
13	1	115169878	21272889	95280284	82.7302	26.4308	29.6	58.7
14	1	107349540	19280433	87845910	81.8317	25.6953	29.6	58.1
15	1	102531392	18193464	81336312	79.3282	25.4155	29.6	56.4
16	1	90354753	20622328	78078289	86.413	31.9526	29.5	48.2
17	1	81195210	15050617	77125127	94.9873	26.4768	29.5	57.3
18	1	78077248	16732112	74411066	95.3044	30.7456	29.6	58.5
19	1	59128983	10130714	55023865	93.0574	24.1385	29.4	57.2
20	1	63025520	12546439	59044466	93.6834	28.4503	29.6	58.6
21	1	48129895	8305811	34894470	72.5006	24.3424	29.6	56.2
22	1	51304566	6950117	34372084	66.9962	18.914	29.4	55.4
X	1	155270560	13861943	118307524	76.1944	12.7347	29.6	55.5
Y	1	59373566	4424821	22421452	37.7634	10.3146	29.6	24.5
MT	1	16569	154713	16569	100	1297.76	29.3	53.6
GL000207.1	1	4262	11050	4208	98.733	334.43	29.5	53.8
GL000226.1	1	15008	351784	15008	100	3308.15	29.7	2.77
GL000229.1	1	19913	8116	19899	99.9297	57.0949	29.2	51
GL000231.1	1	27386	13737	27366	99.927	72.1512	29.5	47.7
GL000210.1	1	27682	3425	25039	90.4523	15.4726	29.3	21.5
GL000239.1	1	33824	27222	33819	99.9852	111.594	29.5	6.94
GL000235.1	1	34474	23444	34466	99.9768	98.347	29.7	45.4
GL000201.1	1	36148	1012	26404	73.0442	4.03339	29.4	2.19
GL000247.1	1	36422	13275	36322	99.7254	52.5817	29.6	11.9
GL000245.1	1	36651	15695	36494	99.5716	61.9286	29.7	2.71
GL000197.1	1	37175	13774	36303	97.6543	42.1548	28.9	8.28
GL000203.1	1	37498	4383	37134	99.0293	16.7595	29.7	23.1
GL000246.1	1	38154	5870	38071	99.7825	22.1883	29.6	17.2
GL000249.1	1	38502	4196	38199	99.213	15.7456	29.6	0.749
GL000196.1	1	38914	4062	38255	98.3065	14.9464	29.7	2.07
GL000248.1	1	39786	7131	39779	99.9824	25.7631	29.5	14.2
GL000244.1	1	39929	3913	36873	92.3464	13.9757	29.7	1.67
GL000238.1	1	39939	4410	38876	97.3384	15.8691	29.6	9.15
GL000202.1	1	40103	2800	37701	94.0104	9.86283	29.3	35.5
GL000234.1	1	40531	19875	40517	99.9655	70.6809	29.6	49.3
GL000232.1	1	40652	15668	40643	99.9779	55.7718	29.7	43.5
GL000206.1	1	41001	2180	34959	85.2638	7.51374	29.3	5.21
GL000240.1	1	41933	18346	41933	100	63.1653	29.6	33.3
GL000236.1	1	41934	4897	41307	98.5048	16.7729	29.6	4.69
GL000241.1	1	42152	24978	42152	100	85.2022	29.7	45.7
GL000243.1	1	43341	23612	43192	99.6562	75.7173	29.4	9.38
GL000242.1	1	43523	4855	43084	98.9913	16.0715	29.5	13.4
GL000230.1	1	43691	13677	43637	99.8764	44.1103	29.7	29.8
GL000237.1	1	45867	37381	45867	100	113.525	29.4	26.9
GL000233.1	1	45941	10670	45932	99.9804	32.8738	29.6	21.7
GL000204.1	1	81310	11383	79495	97.7678	19.6835	29.3	48.1
GL000198.1	1	90085	22794	89720	99.5948	36.1091	29.7	32.4
GL000208.1	1	92689	51663	92536	99.8349	78.1811	29.7	32.6
GL000191.1	1	106433	9818	103427	97.1757	13.3029	29.5	12.4
GL000227.1	1	128374	15537	122568	95.4773	17.2529	29.6	5.21
GL000228.1	1	129120	37460	103740	80.3439	39.8121	29.6	10.2
GL000214.1	1	137718	561100	137703	99.9891	581.13	29.4	22.6
GL000221.1	1	155397	73439	155333	99.9588	68.3448	29.7	11.4
GL000209.1	1	159169	9449	99573	62.558	8.37028	29.5	6.93
GL000218.1	1	161147	51009	160832	99.8045	45.6493	29.6	29.3
GL000220.1	1	161802	1385006	160604	99.2596	1176.93	29	52.2
GL000213.1	1	164239	19114	159350	97.0232	16.7403	29.6	16.6
GL000211.1	1	166566	35398	165784	99.5305	30.5476	29.6	44.6
GL000199.1	1	169874	157191	168770	99.3501	130.485	29.7	8.04
GL000217.1	1	172149	47515	168567	97.9192	39.7432	29.7	13.4
GL000216.1	1	172294	70631	171170	99.3476	54.7993	29.4	30.4
GL000215.1	1	172545	14993	162874	94.3951	12.4739	29.6	6.7
GL000205.1	1	174588	139297	174260	99.8121	112.548	29.6	45.8
GL000219.1	1	179198	23163	64234	35.8453	15.6757	29.5	33.9
GL000224.1	1	179693	282857	63985	35.608	223.137	29.3	14.4
GL000223.1	1	180455	24962	179014	99.2015	18.8399	29.4	1.47
GL000195.1	1	182896	143819	182508	99.7879	113.434	29.7	46.1
GL000212.1	1	186858	45654	178195	95.3639	34.9589	29.6	38.4
GL000222.1	1	186861	29526	181938	97.3654	22.7581	29.6	18.4
GL000200.1	1	187035	13470	174527	93.3125	10.3062	29.6	0.00193
GL000193.1	1	189789	83536	188038	99.0774	63.5331	29.6	43.5
GL000194.1	1	191469	55772	190976	99.7425	41.862	29.6	24
GL000225.1	1	211173	117695	208915	98.9307	73.5485	29.5	27.4
GL000192.1	1	547496	122118	542710	99.1258	32.0786	29.6	24.1
NC_007605	1	171823	92	242	0.140843	0.0235649	21.1	12.9
hs37d5	1	35477943	22411942	32456685	91.4841	80.8522	29.4	30
